11704
32912
31221
17662
2477
24663
29790
16408
26828
55056
23241
36433
26635
10487
46958
45604
36834
31592
38752
13319
34989
16441
34036
16245
34151
2331
14547
15965
43032
33785
20840
21460
43178
34740
28151
53217
40862
4967
9081
975
29970
31734
34645
26440
8251
1110
54320
7180
8802
39492
53507
24202
17181
38358
34136
52689
1314
37737
9610
48897
3135
1237
25455
54096
4390
55987
55081
33616
36806
49897
24145
10482
32278
50102
13722
48879
20587
10669
40709
16275
10453
23263
42178
16415
35809
13279
7526
35181
16568
5921
47300
52172
42974
10306
2210
54612
13917
46714
42794
48702
