8710
9900
8701
5192
12129
11337
9165
1479
5645
7902
9320
199
14071
3343
2150
8815
4550
3166
11017
12046
2259
9031
11674
14140
2867
5479
5166
11782
2447
12449
11565
835
12520
12240
2156
55
7178
8130
1835
3607
5585
2093
10958
6383
14118
7439
14
10696
3419
13697
10044
5487
1093
2137
11223
2674
1129
2322
64
7306
4059
3145
2709
11078
6075
2235
7675
3746
10353
9517
1306
11519
3519
874
513
3663
1697
1818
1809
3597
1574
969
876
1271
3077
420
2546
2294
2125
323
2518
1711
885
484
1335
619
3087
3071
2059
2044
