4116
874
13704
2043
6739
3156
4038
14504
3079
12295
18247
3826
3722
1312
7880
9993
1599
11044
19654
4983
16149
3343
21022
7047
19870
5666
1234
13851
1998
10473
4639
13347
18333
12522
15940
6915
14306
16448
4172
16150
72
11892
7711
4095
19116
17425
21338
3944
19291
18788
5171
18648
19914
2560
7776
15304
5449
14979
3149
9291
19719
2319
14875
1504
9623
9928
17844
20504
11406
9768
2243
17880
5933
1557
22059
695
364
2114
19478
20761
19064
15334
3318
2580
6688
17678
15891
3631
19644
5177
11785
11571
18456
3054
18359
16869
4469
12773
9994
20413
